<?xml version="1.0" encoding="UTF-8" standalone="no"?>
<!-- Created with Inkscape (http://www.inkscape.org/) -->

<svg
   width="210mm"
   height="297mm"
   viewBox="0 0 210 297"
   version="1.1"
   id="svg2310"
   inkscape:version="1.2.2 (732a01da63, 2022-12-09, custom)"
   sodipodi:docname="signature"
   xmlns:inkscape="http://www.inkscape.org/namespaces/inkscape"
   xmlns:sodipodi="http://sodipodi.sourceforge.net/DTD/sodipodi-0.dtd"
   xmlns="http://www.w3.org/2000/svg"
   xmlns:svg="http://www.w3.org/2000/svg">
  <sodipodi:namedview
     id="namedview2312"
     pagecolor="#ffffff"
     bordercolor="#000000"
     borderopacity="0.25"
     inkscape:showpageshadow="2"
     inkscape:pageopacity="0.0"
     inkscape:pagecheckerboard="0"
     inkscape:deskcolor="#d1d1d1"
     inkscape:document-units="mm"
     showgrid="false"
     inkscape:zoom="0.74386223"
     inkscape:cx="172.74704"
     inkscape:cy="454.38521"
     inkscape:window-width="1920"
     inkscape:window-height="1001"
     inkscape:window-x="0"
     inkscape:window-y="0"
     inkscape:window-maximized="1"
     inkscape:current-layer="layer1" />
  <defs
     id="defs2307" />
  <g
     inkscape:label="Layer 1"
     inkscape:groupmode="layer"
     id="layer1">
    <path
       style="fill:#000000;stroke-width:0.352777"
       d="m 68.689793,192.47564 c 2.549174,-2.53345 17.960873,-15.53325 24.74859,-20.87548 l 7.652637,-6.02297 -0.4759,-2.57077 c -0.26175,-1.41391 -0.657456,-2.59423 -0.87933,-2.62291 -0.221914,-0.0287 -1.380616,0.822 -2.574913,1.8904 -6.86738,6.14347 -13.35033,10.51597 -16.311821,11.00169 -2.059835,0.33782 -3.814174,-0.35988 -4.99386,-1.98604 l -0.994592,-1.37103 -2.319994,1.61117 c -5.58382,3.87779 -10.052341,3.6751 -11.3132,-0.51316 -0.249678,-0.82937 -0.57618,-1.35745 -0.725593,-1.1735 -0.149402,0.18396 -1.564679,0.97666 -3.145066,1.76156 -3.203158,1.59088 -4.643096,1.66702 -5.968636,0.31563 -0.4395,-0.44808 -0.892009,-0.82671 -1.005525,-0.84138 -0.113515,-0.0147 -0.88573,-0.65638 -1.715996,-1.42601 -1.945566,-1.80347 -5.788223,-4.3877 -8.755125,-5.88792 -1.742058,-0.88088 -3.318858,-1.3544 -6.19211,-1.85954 l -3.85489,-0.67771 -4.189142,5.81493 c -7.254339,10.06976 -9.408237,12.24005 -10.733964,10.81565 -0.994707,-1.06874 0.0046,-3.29549 4.439121,-9.89116 2.301399,-3.42301 4.152264,-6.26737 4.11304,-6.32077 -0.03925,-0.0534 -0.847813,0.0602 -1.79683,0.25241 -3.332091,0.67496 -2.36365,-0.65198 1.23838,-1.6968 l 2.358027,-0.684 2.436358,-3.79635 c 1.339973,-2.088 3.710615,-5.95267 5.26811,-8.58818 1.557494,-2.6355 5.299438,-8.71475 8.315426,-13.50944 3.016017,-4.79468 6.148314,-9.83223 6.960701,-11.19455 1.786209,-2.99536 2.127371,-3.34703 3.004581,-3.09702 1.642066,0.468 1.367447,1.05048 -6.054226,12.84066 -7.37398,11.71443 -13.993571,22.61731 -13.84718,22.80717 0.275989,0.35791 13.203633,-19.02829 17.721074,-26.57434 2.659546,-4.44261 2.80773,-4.61776 3.798717,-4.48968 0.771691,0.0997 1.113269,0.38223 1.357241,1.12243 0.201741,0.61203 0.04828,5.20298 -0.402522,12.04218 -0.866917,13.15211 -0.859387,12.95639 -0.921479,24.01162 -0.02689,4.78974 0.06802,8.86521 0.21091,9.05659 0.323904,0.43382 2.896904,-0.6364 5.682241,-2.36347 l 2.092378,-1.29742 1.072076,-3.64769 c 2.998813,-10.20335 14.8347,-29.45638 21.775756,-35.42181 2.16712,-1.86251 3.546496,-1.98076 4.327134,-0.37093 0.564713,1.16462 0.239284,2.41022 -1.931567,7.39258 -4.285777,9.83643 -14.100541,24.74582 -20.555417,31.22529 -1.956171,1.96363 -2.173262,2.56129 -1.63911,4.51229 0.271464,0.99151 0.553266,1.30507 1.254295,1.39568 1.445308,0.1868 4.399556,-1.05016 7.003363,-2.93237 2.30347,-1.6651 2.42717,-1.82627 2.792249,-3.63828 0.638145,-3.16735 1.524135,-5.10217 3.04453,-6.64881 1.770049,-1.80061 2.004122,-1.9238 3.340249,-1.75799 1.662436,0.2068 2.503298,1.19753 2.306626,2.71918 -0.195743,1.51447 -1.15895,2.95031 -3.982461,5.93666 -2.204215,2.33137 -2.469979,2.99637 -1.748227,4.37442 0.391342,0.74719 0.688391,0.89019 1.837548,0.88468 2.599725,-0.0125 5.567787,-1.98377 16.37012,-10.87249 2.670542,-2.19746 3.214637,-2.5002 4.252425,-2.36607 1.4961,0.19337 2.01701,0.93239 2.69819,3.82795 l 0.53459,2.27231 1.99983,-1.60452 c 3.05544,-2.45145 8.13741,-6.95881 10.32202,-9.15492 2.03891,-2.04963 2.543,-2.28365 2.78341,-1.29213 0.32842,1.35458 -3.91303,5.958 -11.20488,12.16106 -1.67013,1.42075 -3.06024,2.76615 -3.08914,2.98978 -0.0652,0.50423 0.63744,1.94247 1.64287,3.36294 0.53966,0.76242 1.10384,1.12087 1.93282,1.22801 4.11179,0.53145 12.85044,-6.04276 19.29391,-14.51503 2.49749,-3.28387 1.8987,-1.56316 -1.0443,3.00101 -6.24763,9.6891 -14.1653,15.66576 -19.22432,14.51144 -2.03041,-0.46328 -3.33791,-1.61715 -4.38406,-3.869 -0.43449,-0.93523 -0.87979,-1.71232 -0.9895,-1.72684 -0.10976,-0.0145 -3.759453,2.75488 -8.110464,6.15427 -8.789974,6.86746 -21.462298,16.20604 -24.126857,17.77971 -1.72941,1.02137 -1.729462,1.02139 -0.779346,0.0771 z M 50.260081,166.52768 c -0.409657,-5.58618 0.685887,-28.96549 1.739184,-37.11485 0.08983,-0.69501 0.05862,-1.18294 -0.06934,-1.08427 -0.127954,0.0987 -1.695408,2.52391 -3.483225,5.38941 -3.731723,5.98121 -9.313437,14.35323 -13.849348,20.77267 l -3.132623,4.43343 3.069875,0.6007 c 3.801559,0.74387 8.21298,2.80399 12.296923,5.74258 1.610955,1.15916 3.057702,2.13915 3.214974,2.17773 0.157302,0.0386 0.253401,-0.37424 0.213557,-0.9174 z m 18.710506,-8.69769 c 3.231503,-4.0711 8.29757,-11.79229 11.221414,-17.10255 2.091206,-3.79813 5.335342,-10.9768 5.099029,-11.28329 -0.191276,-0.24803 -4.497485,4.85894 -7.141845,8.46984 -4.581089,6.25557 -11.43734,18.75397 -12.643012,23.04727 -0.522405,1.86027 -0.435157,1.78141 3.464414,-3.13127 z m 10.905678,3.65203 c 1.408975,-1.69431 1.802025,-2.7715 0.773865,-2.12088 -0.659374,0.41725 -2.26984,2.62605 -2.346362,3.2181 -0.08953,0.69273 0.323881,0.40428 1.572497,-1.09722 z M 141.5372,173.053 c -0.26328,-0.34147 -0.45901,-0.77332 -0.43493,-0.95967 0.077,-0.5958 1.78821,-2.93105 7.11662,-9.71197 7.83437,-9.96995 15.98583,-21.36744 21.1919,-29.63078 2.5645,-4.07047 4.80194,-7.67631 4.9721,-8.01295 0.40402,-0.79925 1.14271,-0.43061 1.16011,0.57893 0.0269,1.56232 -9.78447,16.76617 -20.04938,31.06866 -3.34081,4.6549 -6.17664,8.61027 -6.30182,8.78973 -0.15175,0.21753 -0.10047,0.22416 0.15384,0.0199 1.03543,-0.83171 8.27269,-7.3801 10.03117,-9.07637 2.88475,-2.78267 17.33479,-14.56915 22.4825,-18.33828 3.06929,-2.24733 4.63519,-3.17725 5.22242,-3.10135 1.07285,0.13867 1.28413,1.01883 0.51269,2.13561 -0.33282,0.4818 -6.23151,5.27105 -13.1082,10.64278 -11.62692,9.08236 -13.8406,11.03657 -14.01302,12.37064 -0.15155,1.17253 5.16997,4.08943 15.85011,8.68791 5.62624,2.42245 8.07443,3.72288 7.63976,4.05804 -0.23486,0.1811 -9.04895,-2.2257 -13.11379,-3.58089 -5.92675,-1.97594 -11.63079,-5.08235 -12.73726,-6.93669 l -0.59222,-0.9925 -5.61131,5.06996 c -5.50971,4.97818 -8.90108,7.66831 -9.55984,7.58317 -0.183,-0.0237 -0.54814,-0.32239 -0.81145,-0.66386 z"
       id="path2330"
       sodipodi:nodetypes="sscssssscssssssssscssscssccssssssssssssscsscssssssscssssssscssssssssssscsssssssscsssssscscsssssssssscsssssssssssssscsss" />
  </g>
</svg>
